Vr27z4OOcdk0KgfAF9OHhFHTQcpUhScv6tkyaEJepEZfNV5G4RyqUaPwEmWaObim
468569	-1
1446714	-1
963794	-1
1232200	-1
96969	-1
298203	2
2042568	2
76666	2
6966692	2
249462	2
426931	2
2582802	2
358273	2
1859650	2
758766	2
462590	2
1023481	2
3783958	2
1355630	2
1294226	-1
1981677	-1
92890	-1
146882	-1
3544112	-1
120888	-1
314331	-1
907657	-1
1263670	-1
475290	-1
450188	-1
468569	-1
1446714	-1
963794	-1
1232200	-1
96969	-1
298203	2
2042568	2
76666	2
6966692	2
249462	2
426931	2
2582802	2
358273	2
1859650	2
758766	2
462590	2
1023481	2
3783958	2
1355630	2
1294226	-1
1981677	-1
92890	-1
146882	-1
3544112	-1
120888	-1
314331	-1
907657	-1
1263670	-1
475290	-1
450188	-1468569	-1
1446714	-1
963794	-1
1232200	-1
96969	-1
298203	2
2042568	2
76666	2
6966692	2
249462	2
426931	2
2582802	2
358273	2
1859650	2
758766	2
462590	2
1023481	2
3783958	2
1355630	2
1294226	-1
1981677	-1
92890	-1
146882	-1
3544112	-1
120888	-1
314331	-1
907657	-1
1263670	-1
475290	-1
450188	-1468569	-1
1446714	-1
963794	-1
1232200	-1
96969	-1
298203	2
2042568	2
76666	2
6966692	2
249462	2
426931	2
2582802	2
358273	2
1859650	2
758766	2
462590	2
1023481	2
3783958	2
1355630	2
1294226	-1
1981677	-1
92890	-1
146882	-1
3544112	-1
120888	-1
314331	-1
907657	-1
1263670	-1
475290	-1
450188	-1468569	-1
1446714	-1
963794	-1
1232200	-1
96969	-1
298203	2
2042568	2
76666	2
6966692	2
249462	2
426931	2
2582802	2
358273	2
1859650	2
758766	2
462590	2
1023481	2
3783958	2
1355630	2
1294226	-1
1981677	-1
92890	-1
146882	-1
3544112	-1
120888	-1
314331	-1
907657	-1
1263670	-1
475290	-1
450188	-1